
Player A Health=100, Energy=45, Score=1271
Player B Health=100, Energy=22, Score=1235
[0 E0][1  0][2 A0][3  0][4  >][5  0][6  0][7  0][7 d0][6  0][5  0][4  0][3  0][2  0][1  0][0  0]
[0 E1][1  1][2 a1][3  1][4  1][5  1][6  1][7 A1][7  1][6  1][5  1][4  1][3  1][2  1][1  1][0  1]
[0 E2][1  2][2  2][3  2][4  2][5  2][6  2][7  2][7  2][6  2][5  2][4  2][3  2][2  2][1  2][0 E2]
[0 E3][1 D3][2 D3][3  3][<  3][5  3][6  3][7  3][7 D3][6  3][5 A3][4  3][3  3][2  3][1  3][0 E3]
[0 E4][1  4][2 A4][3 A4][4  4][5  >][6  >][7  4][7 d4][6  4][5  4][4  4][3  4][2  4][1  4][0  4]
[0 E5][1  5][2 A5][3 A5][4  >][5  5][6  5][7  >][7 d5][6  5][5  5][4  5][3  >][2  5][1  5][0  5]
[0 E6][1  6][2 A6][3  6][<  6][5  6][6  6][7  6][7  6][6 A6][5 A6][4  6][3  6][2  6][1  6][0 E6]
[0 A7][1 A7][2 D>][3  7][4  7][<  7][6  7][<  >][<  7][6  7][<<A7][4 A7][3 A7][2 A7][1 A7][0 E7]
