
Player A Health=40, Energy=33, Score=749
Player B Health=100, Energy=317, Score=2151
[0  0][1  0][2  0][3  0][4  0][5  0][6  0][7  0][7  0][6  0][5  0][4  0][3  0][2  0][1  0][0 E0]
[0  1][1 d1][2 D1][3  1][4  1][5 d1][6  1][<< 1][7 D1][6 A1][<<A1][4 A1][3 A1][2 A1][1 A1][0 E1]
[0  2][1  2][2  2][3 E2][4  2][5  2][6  2][7  2][7  2][6  2][5  2][4  2][3  2][2  2][1  2][0 E2]
[0  3][1  3][<< 3][<  3][4  3][<  3][6  3][<  3][< D3][6 A3][< A3][4 A3][3 A3][2 A3][1 A3][0 E3]
[0 D4][1  4][2  4][3  4][4  4][5  4][6  4][7  4][7 d4][6  4][5  4][4  4][3  4][2  4][1  4][0 E4]
[0 D5][1  5][2 E5][3  5][4 E5][5  5][6  5][7  5][7  5][6  5][<  5][4  5][3  5][2  5][1 A5][0 E5]
[0  6][1  6][2  6][3 D6][4  6][5  6][6 D6][7  6][7  6][6  6][5  6][4  6][<  6][2  6][1 A6][0 E6]
[0 D7][1  7][2 E7][3  7][4  7][5 D7][6  7][7  7][7  7][6  7][5  7][4  7][3  7][2  7][1  7][0 E7]
