
Player A Health=5, Energy=230, Score=210
Player B Health=100, Energy=313, Score=2572
[0 0][1 0][2 0][3 0][4 0][5 0][6 0][7 0][7D0][6 0][5 0][4 0][3 0][2 0][1 0][0E0]
[< 1][1 1][2 1][3 1][4 1][5 1][6 1][7 1][<D1][6 1][5 1][4 1][3 1][2 1][1A1][0E1]
[< 2][< 2][2 2][< 2][< 2][< 2][< 2][7 2][<D2][<A2][5A2][4A2][<A2][2A2][1A2][0E2]
[0 3][1 3][2 3][3 3][4 3][5 3][6 3][7 3][7 3][6 3][5 3][4 3][3 3][2 3][1 3][0E3]
[0 4][1 4][2 4][3 4][4 4][5 4][6 4][7 4][7 4][6 4][5 4][4 4][3 4][2 4][1 4][0E4]
[0 5][1 5][< 5][3 5][4 5][5 5][6 5][7 5][7 5][6 5][< 5][4 5][3 5][2 5][1A5][0E5]
[0 6][1 6][2 6][3 6][< 6][5 6][6 6][7 6][7 6][6 6][5 6][4 6][< 6][2 6][1A6][0E6]
[< 7][< 7][2 7][3 7][< 7][5 7][6 7][< 7][<D7][6A7][<A7][4A7][3A7][2a7][1A7][0E7]
