
Player A Health=100, Energy=29, Score=784
Player B Health=100, Energy=28, Score=872
[0E0][1 0][2A0][3 0][4 >][5 0][6 0][7 0][7D0][6 0][5 0][4 0][3 0][2 0][1 0][0 0]
[0E1][1 1][2 1][3 1][4 1][5 1][6 1][7A1][7D1][6 1][5 1][4 1][3 1][2 1][1 1][0 1]
[0E2][1 2][2 2][3 2][4 2][5 2][6 2][7 2][7 2][6 2][5 2][4 2][3 2][2 2][1 2][0E2]
[0E3][1D3][2D3][3D3][< 3][5 3][6 3][7 3][7D3][6 3][5A3][4 3][3 3][2 3][1 3][0E3]
[0E4][1 4][2A4][3 4][4 4][5 4][6 >][7 4][7d4][6 4][5 4][4 4][3 4][2 4][1 >][0E4]
[0E5][1 5][2A5][3 5][4 >][5 5][6 5][7 5][7D5][6 5][5 5][4 5][3 5][2 5][1 5][0 5]
[0 6][1 6][2A6][3 6][4 6][5 6][6 6][7 6][7D6][6 6][5 6][4 6][3 6][2 6][1 6][0E6]
[0a7][1A7][2d7][< >][4 7][5 7][6 7][< 7][<D7][6A7][<A7][4A7][3A7][2a7][1 7][0E7]
