
Player A Health=100, Energy=315, Score=2344
Player B Health=15, Energy=220, Score=200
[0E 0][1  0][2  0][3  0][4  0][5  0][6  0][7  0][7  0][6  0][5  0][4  0][3  0][2  0][1  0][0  0]
[0E 1][1  1][2  1][3  1][4  1][5  1][6  1][7  1][7  1][6  1][5  1][4  1][3  1][2  1][1  1][0  1]
[0E 2][1A 2][2A 2][3A 2][4A 2][5A >][6A 2][7D >][7  >][6  2][5  >][4  >][3  2][2  >][1  >][0  >]
[0E 3][1A 3][2A 3][3A 3][4A 3][5A 3][6A >][7D >][7  3][6 >>][5  >][4  3][3  >][2  3][1  3][0  >]
[0E 4][1a 4][2  4][3  4][4  4][5  4][6  4][7  4][7  4][6  4][5  4][4  4][3  4][2  4][1  4][0  4]
[0E 5][1A 5][2  5][3  >][4  5][5  5][6  5][7  5][7  5][6  5][5  5][4  5][3  5][2  5][1  5][0  5]
[0E 6][1A 6][2  6][3  >][4  6][5  6][6  6][7  6][7  6][6  6][5  6][4  >][3  6][2  6][1  6][0  6]
[0E 7][1  7][2  7][3  7][4  7][5  7][6  7][7  7][7  7][6  7][5  7][4  7][3  7][2  7][1  7][0  7]
