
Player A Health=60, Energy=38, Score=629
Player B Health=100, Energy=322, Score=1633
[0  0][1  0][2  0][3  0][4  0][5  0][6  0][7  0][7  0][6  0][5  0][4  0][3  0][2  0][1  0][0 E0]
[0  1][1 D1][2 d1][<  1][<< 1][5  1][<  1][7  1][7 D1][<<A1][5 A1][4 A1][< A1][2 A1][1 A1][0 E1]
[0  2][1  2][2  2][3 E2][4  2][5  2][6  2][7  2][7  2][6  2][5  2][4  2][3  2][2  2][1  2][0 E2]
[0  3][1  3][2  3][3  3][<  3][<  3][6  3][7  >][7 D3][< A3][5 A3][4 A3][3 a3][2  3][1  3][0 E3]
[0 D4][1  4][2  4][3  4][4  4][5  4][6  4][7  4][7  4][6  4][5  4][4  4][3  4][2  4][1  4][0 E4]
[0 D5][1  5][2 E5][3  5][4 E5][5  5][6  5][7  5][7  5][6  5][5  5][4  5][3  5][2  5][1  5][0 E5]
[0  6][1  6][2  6][3 D6][4  6][5  6][6 D6][7  6][7  6][6  6][5  6][4  6][3  6][2  6][1  6][0 E6]
[0 D7][1  7][2 E7][3  7][4  7][5 D7][6  7][7  7][7  7][6  7][5  7][4  7][3  7][2  7][1  7][0 E7]
