
Player A Health=95, Energy=45, Score=1741
Player B Health=85, Energy=34, Score=1481
[0 E 0][1   0][2 A 0][3   0][4   0][5   0][6   0][7   0][7 D 0][6   0][5   0][4   0][3   0][2   0][1   0][0   0]
[0 E 1][1   1][2 A 1][3 A 1][4 A 1][5 A >][6 A >][7 A 1][7 D 1][6   1][5   1][4   1][3   >][2  >>][1   >][0   1]
[0 E 2][1   2][2   2][3   2][4   2][5   2][6   2][7   2][7   2][6   2][5   2][4   2][3   2][2   2][1   2][0 E 2]
[0 E 3][1 D 3][2 D 3][3   3][4   3][5   3][6   3][7   3][< D 3][6   3][5 A 3][4   3][3   3][2   3][1   3][0 E 3]
[0 E 4][1   4][2 A 4][3 A 4][4   4][5   4][6   4][7   4][7 D 4][6   4][5   4][4   4][3   4][2   4][1   4][0   4]
[0 E 5][1   5][2 A 5][3 A 5][4   5][5   5][6   5][7   5][7   5][6   5][5   5][4   5][3   5][2   5][1   5][0   5]
[<   6][1   6][2   6][3   6][4   6][5   6][6   6][7   6][<   6][6   6][5 A 6][4   6][3   6][2   6][1   6][0 E 6]
[0 d 7][<   7][2   7][<   7][4   7][5   7][<<  >][<   7][7 d 7][< A 7][5   7][4   >][3 A 7][2 A 7][1 A 7][0 E 7]
