
Player A Health=100, Energy=318, Score=1720
Player B Health=50, Energy=205, Score=185
[0E0][1 0][2 0][3 0][4 0][5 0][6 0][7 0][7 0][6 0][5 0][4 0][3 0][2 0][1 0][0 0]
[0E1][1 1][2 1][3 1][4 1][5 1][6 1][7 1][7 1][6 1][5 1][4 1][3 1][2 1][1 1][0 1]
[0E2][1A2][2A2][3A2][4A>][5A2][6A2][7D>][7 >][6 >][5 >][4 2][3 >][2 >][1 2][0 >]
[0E3][1A3][2 3][3a>][4A3][5A3][6A>][7D3][7 3][6 >][5 3][4 >][3 >][2 3][1 3][0 3]
[0E4][1 4][2 4][3 4][4 4][5 4][6 4][7 4][7 4][6 4][5 4][4 4][3 4][2 4][1 4][0 4]
[0E5][1 5][2 5][3 5][4 5][5 5][6 5][7 5][7 5][6 5][5 5][4 5][3 5][2 5][1 5][0 5]
[0E6][1A6][2 6][3 6][4 6][5 >][6 6][7 6][7 6][6 6][5 6][4 6][3 6][2 >][1 6][0 6]
[0E7][1 7][2 7][3 7][4 7][5 7][6 7][7 7][7 7][6 7][5 7][4 7][3 7][2 7][1 7][0 7]
