
Player A Health=100, Energy=315, Score=2419
Player B Health=10, Energy=220, Score=200
[0E0][1A0][2 0][3 >][4 0][5 0][6 0][7 0][7 0][6 0][5 0][4 >][3 0][2 0][1 0][0 0]
[0E1][1A1][2 1][3 1][4 1][5 1][6 1][7 >][7 1][6 1][5 1][4 1][3 1][2 1][1 1][0 >]
[0E2][1A2][2a2][3 >][4 2][5 2][6 2][7 2][7 2][6 2][5 2][4 >][3 2][2 2][1 2][0 2]
[0E3][1A3][2 3][3 3][4 3][5 3][6 3][7 >][7 3][6 3][5 3][4 3][3 3][2 3][1 3][0 3]
[0E4][1A4][2 4][3 4][4 4][5 >][6 4][7d4][7 4][6 4][5 4][4 4][3 4][2 >][1 4][0 4]
[0E5][1A5][2A5][3 5][4 >][5 5][6 5][7 5][7 5][6 >][5 5][4 5][3 5][2 5][1 5][0 5]
[0E6][1A6][2 6][3 6][4 6][5 6][6 6][7 6][7 6][6 >][5 6][4 6][3 6][2 6][1 6][0 6]
[0E7][1A7][2A7][3A7][4A>][5A7][6A7][7D>][7 >][6 >][5 >][4 7][3 >][2 >][1 7][0 >]
