XXXXXXXXX GAME INFO XXXXXXXXX
Round Number : 269
Maximum Amount Of Rounds : 400
Map Width : 16
Map Height : 8
Round Income Energy : 5
XXXXXXXXXXXXXXXXXXXXXXXXXXXXX

****** BUILDING STATS ******
type;health;constructionTime;price;weaponDamage;weaponSpeed;weaponCooldownPeriod;energyGeneratedPerTurn;destroyMultiplier;constructionScore
ATTACK;5;2;30;5;2;3;0;1;4;
DEFENSE;20;4;30;0;0;0;0;1;10;
ENERGY;5;2;20;0;0;0;3;1;3;
TESLA;5;11;300;20;0;10;0;10;20;
*****************************

---------- PLAYER A ----------
Energy : 4119
Health : 5
HitsTaken : 19
Score : 5194
------------------------------

---------- PLAYER B ----------
Energy : 4359
Health : 90
HitsTaken : 2
Score : 6799
------------------------------

############# MAP #############
[0,0,N,0,0][1,0,N,0,0][2,0,N,0,0][3,0,N,0,0][4,0,N,0,0][5,0,N,0,0][6,0,N,0,0][7,0,N,0,0][8,0,N,0,0][9,0,N,0,0][10,0,N,0,0][11,0,N,0,0][12,0,N,0,0][13,0,N,0,0][14,0,N,0,0][15,0,N,0,0]
[0,1,N,0,0][1,1,N,0,1][2,1,N,0,0][3,1,N,0,0][4,1,N,0,0][5,1,N,0,0][6,1,N,0,0][7,1,N,0,0][8,1,N,0,0][9,1,N,0,1][10,1,N,0,0][11,1,A,0,0][12,1,N,0,0][13,1,N,0,0][14,1,N,0,0][15,1,N,0,0]
[0,2,N,0,0][1,2,N,0,0][2,2,N,0,0][3,2,N,0,0][4,2,N,0,0][5,2,N,0,0][6,2,N,0,0][7,2,N,0,0][8,2,N,0,0][9,2,N,0,0][10,2,N,0,0][11,2,N,0,0][12,2,N,0,0][13,2,E,0,0][14,2,N,0,0][15,2,N,0,0]
[0,3,N,0,0][1,3,E,0,0][2,3,E,0,0][3,3,N,0,0][4,3,N,0,0][5,3,N,0,0][6,3,N,0,0][7,3,N,0,0][8,3,N,0,0][9,3,N,0,0][10,3,N,0,0][11,3,N,0,0][12,3,N,0,0][13,3,N,0,0][14,3,E,0,0][15,3,N,0,0]
[0,4,E,0,0][1,4,E,0,0][2,4,E,0,0][3,4,N,0,0][4,4,N,0,0][5,4,N,0,0][6,4,N,0,0][7,4,N,0,0][8,4,N,0,0][9,4,N,0,0][10,4,N,0,0][11,4,N,0,0][12,4,N,0,0][13,4,E,0,0][14,4,E,0,0][15,4,E,0,0]
[0,5,E,0,0][1,5,E,0,0][2,5,N,0,0][3,5,N,0,0][4,5,N,0,0][5,5,N,0,0][6,5,N,0,0][7,5,D,0,0][8,5,D,0,0][9,5,N,0,0][10,5,N,0,0][11,5,N,0,0][12,5,N,0,0][13,5,N,0,0][14,5,E,0,0][15,5,E,0,0]
[0,6,E,0,0][1,6,N,0,0][2,6,N,0,0][3,6,N,0,0][4,6,N,0,0][5,6,N,0,0][6,6,D,0,0][7,6,D,0,0][8,6,D,0,0][9,6,D,0,0][10,6,N,0,0][11,6,N,0,0][12,6,N,0,0][13,6,N,0,0][14,6,N,0,0][15,6,E,0,0]
[0,7,N,0,0][1,7,N,0,0][2,7,N,0,0][3,7,N,0,0][4,7,N,0,0][5,7,N,0,0][6,7,D,0,0][7,7,D,0,0][8,7,D,0,0][9,7,D,0,0][10,7,N,0,0][11,7,N,0,0][12,7,N,0,0][13,7,N,0,0][14,7,N,0,0][15,7,N,0,0]
###############################

######## BUILDING DATA #########
FORMAT : [x,y] Owner|BuildingType|ConstructionTimeLeft|Health|WeaponCooldownTimeLeft|WeaponDamage|EnergyGeneratedPerTurn 

[13,2] B|ENERGY|-247|5|0|0|3
[1,3] A|ENERGY|-236|5|0|0|3
[14,3] B|ENERGY|-235|5|0|0|3
[0,4] A|ENERGY|-225|5|0|0|3
[15,4] B|ENERGY|-225|5|0|0|3
[7,5] A|DEFENSE|-214|20|0|0|0
[8,5] B|DEFENSE|-213|20|0|0|0
[6,6] A|DEFENSE|-208|20|0|0|0
[9,6] B|DEFENSE|-207|20|0|0|0
[2,3] A|ENERGY|-174|5|0|0|3
[1,4] A|ENERGY|-161|5|0|0|3
[14,4] B|ENERGY|-160|5|0|0|3
[0,5] A|ENERGY|-148|5|0|0|3
[15,5] B|ENERGY|-147|5|0|0|3
[7,6] A|DEFENSE|-136|20|0|0|0
[8,6] B|DEFENSE|-135|20|0|0|0
[6,7] A|DEFENSE|-102|20|0|0|0
[9,7] B|DEFENSE|-101|20|0|0|0
[11,1] B|ATTACK|-64|5|3|5|0
[2,4] A|ENERGY|-59|5|0|0|3
[13,4] B|ENERGY|-59|5|0|0|3
[1,5] A|ENERGY|-47|5|0|0|3
[14,5] B|ENERGY|-47|5|0|0|3
[0,6] A|ENERGY|-24|5|0|0|3
[15,6] B|ENERGY|-23|5|0|0|3
[7,7] A|DEFENSE|0|20|0|0|0
[8,7] B|DEFENSE|0|20|0|0|0
###############################

####### MISSILE DATA ########
FORMAT : [x,y] Owner|Damage|Speed 

[1,1] B|5|2
[9,1] B|5|2
###############################
