
Player A Health=80, Energy=91, Score=2109
Player B Health=65, Energy=38, Score=1750
[0 E0][1  0][2 A0][3  0][4  >][5  0][6  0][7  0][7 D0][6  0][5  0][4  0][3  0][2  0][1  0][0  0]
[0 E1][1  1][2 A1][3 A1][4 A1][5 A1][6 A1][7 A>][7  >][6  >][5  1][4  1][3  1][2  1][1  1][0  1]
[0 E2][1  2][2  2][3  2][4  2][5  2][6  2][7  2][7  2][6  2][5  2][4  2][3  2][2  2][1  2][0 E2]
[0 E3][1 D3][2 D3][3  3][<  3][5  3][6  3][7  3][7 D3][6  3][5 A3][4  3][3  3][2  3][1  3][0 E3]
[0 E4][1  4][2 A4][3 A4][4  4][5  >][6  >][7  4][7 D4][6  4][5  4][4  4][3  4][2  4][1  4][0  4]
[0 E5][1  5][2 A5][3 A5][4  >][5  5][6  5][7  >][7 d5][6  5][5  5][4  5][3  5][2  5][1  5][0  5]
[0  6][1  6][2  6][3  6][<  6][5  6][6  6][7  6][7  6][6  6][5 A6][4  6][3  6][2  6][1  6][0 E6]
[0 d7][1  7][<< 7][<  7][4  7][<  7][6  7][7  7][7 D7][6 A7][<  7][4  7][3  7][2 A7][1 A7][0 E7]
