
Player A Health=35, Energy=134, Score=629
Player B Health=100, Energy=315, Score=2080
[0 0][1 0][2 0][3 0][4 0][5 0][6 0][7 0][7 0][6 0][5 0][4 0][3 0][2 0][1 0][0E0]
[< 1][< 1][< 1][3 1][< 1][< 1][6 1][< 1][<D1][6A1][<A1][4A1][3A1][2A1][1A1][0E1]
[0 2][1 2][2 2][3 2][4 2][5 2][6 2][7 2][7 2][6 2][5 2][4 2][3 2][2 2][1 2][0E2]
[0 3][1 3][2E3][3 3][4E3][5 3][6 3][7 3][7 3][6 3][5 3][4 3][3 3][2 3][1 3][0E3]
[0 4][1 4][2 4][3 4][4 4][5t4][6E4][7 4][7 4][6 4][5 4][4 4][3 4][2 4][1 4][0E4]
[0 5][< 5][2 5][< 5][< 5][5 5][< 5][< 5][7D5][<A5][5A5][4A5][3A5][2A5][1 5][0E5]
[0 6][1 6][2 6][3 6][4 6][5 6][6 6][< 6][7d6][6A6][5a6][4 6][< 6][2 >][1A6][0E6]
[0 7][1 7][2 7][3 7][4 7][5 7][6 7][7 7][7 7][6 7][5 7][4 7][3 7][2 7][1 7][0E7]
