
Player A Health=65, Energy=44, Score=3213
Player B Health=20, Energy=45, Score=2303
[0E 0][1  0][2A 0][3  0][4  0][5  0][6  0][7  0][7D 0][6  0][5  >][4  0][3  0][2  0][1  0][0  0]
[0E 1][1A 1][2A 1][3A 1][4A 1][5A 1][6A >][7A>>][7D 1][6  1][5  1][4  1][3  1][2  1][1  >][0 >>]
[0E 2][1A 2][2a 2][3  2][4  2][5  >][6  2][7  2][7d 2][6  2][5  2][4  2][3  2][2  2][1  2][0E 2]
[0E 3][1D 3][2  3][3  3][4  3][5  3][<  3][7  3][7D 3][6  3][5A 3][4  3][3  3][2  3][1  3][0E 3]
[0E 4][1  4][2A 4][3A 4][4  >][5  4][6  4][7  4][7D 4][6  4][5  4][4  4][3  4][2  4][1  4][0  4]
[0E 5][1  5][2A 5][3A 5][4  5][5  >][6  5][7  5][7  5][6  5][5  >][4  5][3  5][2  5][1  5][0  5]
[0  6][1  6][2  6][3  6][4  6][5  6][<  6][7  6][7  6][6  6][5A 6][4  6][3  6][2  6][1  6][0E 6]
[0D 7][1D 7][2D 7][3D 7][4D 7][5D 7][6D 7][<  7][7D 7][6A 7][5A 7][4  7][<  7][2A 7][1A 7][0E 7]
