
Player A Health=80, Energy=77, Score=2196
Player B Health=65, Energy=42, Score=1815
[0E0][1 0][2A0][3 0][4 0][5 0][6 0][7 0][7D0][6 0][5 0][4 0][3 0][2 0][1 0][0 0]
[0E1][1 1][2A1][3A1][4A1][5A>][6A>][7A1][7d1][6 1][5 >][4 >][3 >][2 >][1 1][0 1]
[0E2][1 2][2 2][3 2][4 2][5 2][6 2][7 2][7 2][6 2][5 2][4 2][3 2][2 2][1 2][0E2]
[0E3][1D3][2 3][3 3][4 3][5 3][6 3][7 3][<D3][6 3][5A3][4 3][3 3][2 3][1 3][0E3]
[0E4][1 4][2A4][3A4][4 4][5 4][6 4][7 4][7 4][6 4][5 4][4 4][3 4][2 4][1 4][0 4]
[0E5][1 5][2A5][3A5][4 5][5 5][6 5][7 5][7D5][6 5][5 5][4 >][3 5][2 5][1 5][0 5]
[< 6][1 6][2 6][3 6][4 6][5 6][6 6][7 6][< 6][6 6][5A6][4 6][3 6][2 6][1 6][0E6]
[0D7][<d7][2d7][3 7][4 7][5 7][< 7][< 7][7D7][<A7][5 7][4 7][3 7][2A7][1A7][0E7]
